cxx
INDEX TO SENATE PROCEEDINGS.
Tariff and tax : bill (H. R. No. 2322) to reduce
the duties on imports and to reduce internal
received from House, 3647 ; referred, 3647 ;
reported. 3815; called up, 3868; amend-
ment, 3870; discussed, 3897, 3014. (de-
bate limited, 3890, 3943.) 3950, 3961,
3991, 4010, 4039 ; passed with amend-
ments, 4088; conference, 4122; confer-
ence report, 4188; discussed, 4214 ; con-
curred in by Senate, 4217 ; by House,
4254 ; enrolled, 4254.
remarks by—
Mr. Alcorn 3899, 3920,
3921, 8922, 3991, 4013, 4017,
4064, 4085, 4086, 4087, 4216
Mr. Ames 3967, 3968, 3969, 39<1
Mr. Anthony 3901,
3924, 3925, 3926, 4013, 4041, 4051,
4052, 4054, 4082, 4084, 4087, 4216
Mr. Bayard 3911,
3923. 3953, 3955, 3956, 3960, 3970,
3997, 3999, 4000. 4006, 4012, 4015,
4049, 4050, 4062, 4063, 4064, 4067
Mr. Blair 3902, 3904,
3916, 3972, 3994, 3998, 3999, 4015,
4039, 4046, 4047, 4048, 4049, 4050,
40G0, 4061, 4065, 4077, 4081, 4086
Mr. Boreman 3898, 3899,
3901, 3919, 3922,4045,4046, 4047,
4051, 4052, 4053, 4079, 4084, 4087
Mr. Buckingham 3907, 3917,
3918, 3919, 3904, 4004, 4020,
4051, 4052, 4059, 4000, 4061,
4063, 4075, 3080, 4083, 4084
Mr. Caldwell 4017, 4085, 4086
Mr. Cameron 3900, 3902,
3906, 3907, 3914, 3915, 3960, :
3961, 4007, 4921, 4054, 4056
Mr. Carpenter 3945,
4015, 4016, 4017, 4019 .
Mr. Casserlv 3903, 3904, 3919, 3922,
3962, 3964, 3992, 4008, 4001, 4012, !
4013, 4014, 4015, 4017, 4019, 4020,
4040, 4044, 4045, 4048, 4052, 4055,
4057, 4060, 4064, 4065, 4067, 4069,
4071, 4072, 4076, 4077, 4189, 4214
Mr. Chandler 3948, 3952, 3959,
3960, 3966, 3969, 3972, 3992, 4002,
4005, 4006, 4007, 4009, 4041, 4045,
4046, 4049, 4050, 4052, 4066, 4067,
4068, 4069, 4070, 4073,4074, 4076,
4081, 4084, 4085, 4086, 4087, 4088,
Mr. Cole...3917, 3994, 3997, 3999, 4013,
4044, 4060, 4061, 4069, 4071, 4082
Mr. Conkli.ig 3898-, 3900,
3903, 3907, 3909, 3911, 3915, 3916,
3917, 3920, 3925, 3926,3948, 3951,
3952, 3953, 3954, 3955, 3956, 3958,
3959, 3960, 3961, 3965, 3966, 3971,
3972, 3991, 3993, 3994, 3995, 3996,
3997, 3998, 3999, 4000,4001, 4002,
4003, 4004, 4005,4009, 4013, 4014,
4039, 4010. 4041, 4042, 4043, 4045,
4046, 4047, 4050, 4051, 4052, 4056,
40-57, 4058, 4059, 4060, 4062, 4063,
4065, 4073, 4074, 4075, 4077, 4078,
4080, 4081, 4082, 4083, 4088, 4217
Mr. Corbett 3915,
3953, 3955, 3965, 3970,3994, 3995,
3996, 3997, 3998, 3999, 4007, 4042,
4051, 4052, 4053,4054, 4067, 4068,
4069, 4070. 4071, 4072, 4074, 407$
Mr. Cragin 4014, 4015, 4080, 4081
Mr. Edmunds 3901,
3902, 3944, 4043, 4044
Mr. Fenton ,3908, 3918,
3919, 3953, 3962, 3998, 3999,4004,
4006, 4007. 4014, 4045, 4046, 4049,
4051, 4052, 4073, 4077, 4086, 4087
Mr. Ferry, of Connecticut 3907,
4001,4041
Mr. Ferry, of Michigan 3899, 3971,
4000,4001,4002,4047,
4051, 4052, 4066, 4084
Mr. Flanagan 3947,
3961, 3962, 3967,3968,3971,4020,
4048, 4066, 4078, 4084, 4085, 4088
Tariff and tax: bill (H. JR. No. 2322) Con-
tinued.
remarks by—
Mr. Frelinghuysen ,..3914,
3915, 3916, 3955, 3956, 3959, 4006,
4019, 4041, 4060, 4062, 4063, 4074,
4075, 4079, 4080, 4081, 4083, 4087
Mr. Hamilton, ot Maryland 3903,
3906, 3944, 3947, 3948, 3957,
3972, 4002, 4003, 4059, 4060,
4081, 4082, 4083, 4085, 4086
Mr. Hamilton, of Texas 3951, 3965,
3969, 3999, 4021, 4041, 4051, 4052
Mr. Hamlin 3899,
3948, 3950, 3956, 4054, 4066, 4067,
4068, 4069, 4070, 4072, 4074, 4077
Mr. Harlan 4081, 4086
Mr. Hill....3916, 4016,4040, 4073, 4077
Mr. Howe 4007,
4043, 4044, 4058, 4188, 4189
Mr. Johnston 3962,
3967, 3969, 3970, 3994,4014,
4051, 4066, 4078, 4082, 4083
Mr. Kellogg 3921, 3922,
3952, 4021, 4074, 4076, 4080,
4081, 4084, 4085, 4086, 4087
Mr. Lewis 4051
Mr. Logan 3901. 3902, 3903, 3904,
3905, 3907, 3908, 3909, 3910, 3911,
3914, 3917, 3919, 3922, 3925, 3950,
3951, 3952, 3963, 3966, 3967, 3968,
3969, 3994, 4015, 4017, 4018, 4020,
4021, 4052, 4053, 4055, 4056,4057,
4058, 4059, 4077, 4078, 4082, 4085
Mr. Morton 3902, 3903, 3904,
3905, 3906, 3911, 3918, 3922, 3923,
3924, 3925, 3950, 3966, 3969, 3972,
4003, 4005, 4006, 4008, 4009, 4012,
4013, 4019, 4021, 4041, 4043,4052,
4055, 4060, 4068, 4069, 4070,4072,
4074, 4075, 4076, 4078, 4079, 4080,
4081, 4082, 4083, 4086, 4087, 4088
Mr. Morrill, of Maine 3899,
3959, 4066, 4068, 4069, 4071,
4073, 4074, 4077, 4079. 4081
Mr. Morrill, of Vermont 3898,
3900, 3901, 3906, 3908, 3911,
3915, 3916, 3917, 3918, 3919, 3920,
3921, 3922, 3923, 3924, 3943, 3945,
3946, 3952, 3954, 3955, 3956, 3957,
3959, 3960, 3962, 4001, 4004,4005,
4009, 4011, 4014, 4021, 4043, 4048,
4050, 4051, 4053, 4054, 4056, 4057,
4058, 4059, 4060, 4064, 4065, 4066,
4069, 4074, 4075, 4076, 4077, 4081,
4082, 4083, 4085, 4086, 4087, 4216
Mr. Nye...3908, 3909, 3914, 3917, 3960,
4015, 4018, 4041, 4048, 4052,4054,
4056, 4057, 4058, 4085, 4086, 4087
Mr. Osborn ; 3870, 4088
Mr. Patterson 3920, 3922
Mr. Pomeroy 3922,
3953, 3956, 4007, 4011, 4014,
4015, 4017, 4052, 4062, 4063, 4064
Mr. Pool 3944, 3947, 3948, 4085
Mr. Ramsey 3917, 4014
Mr. Robertson...3906, 3915, 3957, 4043
Mr. Saulsbury 4003, 4044
Mr. Sawyer 3920,
3921, 3922, 3951, 3956, 3971,
4014, 4015, 4016,4017, 4018, 4020,
4040, 4043, 4052, 4056, 4061, 4062,
4063, 4064, 4081, 4085, 4088, 4216
Mr. Scott 3898, 3902,
3904, 3905, 3906, 3914, 3915, 3916,
3918, 3919, 3921, 3922, 3923, 3924,
3953, 3954, 3962, 3969, 4007, 4014,
4015, 4017, 4052, 4053, 4055, 4057,
4059, 4060, 4061, 4065, 4066, 4068,
4069, 4070, 4071, 4072, 4216, 4217
Mr. Sherman 3815, 3868,
3890, 3898, 3899, 3900, 3901, 3902,
3903, 3907, 3908, 3909, 3910, 3914,
3915, 3916, 3917, 3918, 3919, 3920,
3922, 3923, 3924, 3925, 3943, 3944,
3946, 3947, 3948, 3950, 3951, 3952,
3953, 3954, 3955. 3957, 3958, 3959,
3960, 3961, 3962, 3963, 3964, 3965,
Tariff and tax: bill (H. R. No. 2322)— Con
tinued.
remarks by—
3966, 3969, 3970, 3971, 3972, 3991,
3992, 3993, 3994, 3995, 3996, 3997,
3998, 3999, 4000, 4001, 4002, 4003,
4004, 4005, 4007, 4009, 4010, 4011,
4012,4013, 4014, 4015, 4021, 4039,
4040, 4041, 4043, 4045, 4050, 4051,
4052, 4053, 4054, 4055, 4056, 4057,
4058,4060, 4061, 4064, 4065, 4066,
4067, 4068, 4069, 4070, 4072, 4073,
4074, 4075, 4076, 4077, 4078, 4079,
4080,4081, 4083, 4084, 4086, 4088,
4123, 4188, 4189, 4214, 4216, 4217
Mr. Sprague 4054,
4064, 4065, 4071, 4073
Mr. Stevenson 3969, 3971, 3992
Mr. Stewart 4073
Mr. Stockton 3914,
4007, 4008, 4009, 4085
Mr. Sumner 3899, 3900, 3901,
3944, 3945, 3947, 3948, 3950, 3953,
3955, 3957, 3958, 3959, 4042, 4217
Mr. Thurman...3899, 3900, 3906, 3944,
3948, 3951, 3954, 3955, 3957, 3958,
3959, 3960, 3992, 4040, 4041, 4045,
4047, 4049, 4050, 4053, 4054, 4055,
4056, 4057, 4059, 4060, 4066, 4067,
4068, 4069, 4071, 4072, 4073, 4076,
4077, 4078, 4079, 4081, 4084, 4216
Mr. Tipton 4041, 4056
Mr. Trumbull 3914, 3920, 3944,
3945, 3946, 3947, 3948, 4011, 4012,
4017, 4021, 4040, 4041, 40-50,4051,
4052, 4054, 4059, 4060, 4064, 4074,
4075, 4076, 4083, 4084, 4086, 4088
Mr. Vickers 3906, 3962, 3992, 3993,
3995, 3997, 4073, 4074, 4087, 4088
Mr. West 3919, 3922,
3951, 3952, 3997, 3998, 4069, 4216
Mr. Wilson 3905,
3925, 3926, 4014, 4016, 4017, 4018,
4019, 4020, 4039, 4040, 4042, 4043
Mr. Wright 3906, 3924, 3925, 3961,
3962, 3965, 3972, 3991, 3992, 4003,
4013, 4042, 4079, 4080, 4082, 4084
yeas and nays on the 3906, 3916,
3917, 3918, 3951, 3955, 3956,3960, 3992,
3998, 3999,4002, 4009, 4012, 4018, 4042,
4044, 4045, 4050, 4051, 4052, 4054, 4056,
4057, 4061, 4064, 4065, 4070, 4071,4073,
4076, 4078, 4080, 4084, 4085, 4087, 4088
Tariff bill, resolution of the House in regard
to the, (H. R. No. 1537.)
received from the House, 2098; referred,
2248; referred anew, 2318; discussed,
2318.
resolution limiting debate on the, and
amendments thereto to five minutes for
each Senator and excluding amend-
ments not germane—[By Mr. Sherman,
May 27, 1872.]
reported, 3890; discussed, 3943; agreed
to 3948.
remarks by—
Mr. Carpenter 3945
Mr. Chandler 3948
Mr. Conkling 3948
Mr. Davis, of West Virginia 3945
Mr. Hamilton, of Maryland 3944,
3947, 3948
Mr. Hamlin 3948
Mr. Morrill, of Vermont ..3943,
3945, 3946
Mr. Pool 3944, 3947, 3948
Mr. Sherman 3890,
3943, 3944, 3946, 3947, 3948
Mr. Sumner, 3944, 3945, 3947, 3948
Mr. Thurman 3944, 8948
Mr. Trumbull 3890,
3944, 3945, 3946, 3947, 3948
resolutionfor printing three thousand copies
of the—[By Mr. Sherman, June 5,
1872.]
referred, 4254: reported and agreed to,
4301.
