xxxii
INDEX TO
Union, remarks on various propositions relating
to ihe state of the, by—Continued.
Mr. Colfax >....7,
280, 438, 498, 511, 618, G5G, 1242, 1285
Mr. Conkling 223, 628, 634, 649, 650
Mr. Corwin....62, 378, 409, 511, 512, 621,
794, 836, 837, 1232, 1234, 1235, 1236,
1237, 1240,1241,1242, 1261, 1262.1263,
1264, 1284, 1326, 1327, 1328, 1329, 1330
Mr. Covode 598, 1285
Mr. Cox,45,61, 77,296,317,366,372.374,
410,411,434,513,565,566,567,572,605,
628, 629, 633,646,837,838,839,856,916,
1239, 1241, 1261, 1262, 1263, 1264, 1284
Mr. Craig, of Missouri 563,
1237, 1238, 1263, 1285
Mr. Craige, ofNoi-th Carolina 78,
498, 572, 599, 625, 730, 836, 853,
854, 913, 915, 916,917,1261, 1262
Mr. Crawford 23,109,
111,220, 231,280, 296,322,
410, 411, 451, 456, 457, 458
Mr. Curry 6, 7, 87
Mr. Curtis 60,
15!), 294,333,377,391,457,554,563,564,
600,605, 626,629,634, 646,834,838,856,
857, 1225, 1239, 1261, 1264, 1326,1327
Mr. Davis, of Indiana 78,
221, 231, 279, 280, 410, 600, 680, 1225
Mr. Davis, of Mississippi 7,
59, 60, 61, 221, 235
Mr. Dawes 220,
459, 583, 628, 629, 632, 633, 634, 858,
913, 914, 915, 916, 917, 1095, 1096
Mr. £>e Jari)eUe...323, 606, 917, 942, 1328
Mr. Delano 122, 159
Mr. Dunn 131. 172,281, 389
Mr. Edgerton 122, 680, 1225
Mr. Edmmulson 146, 605
Mr. Edwards 236, 691, 854, 1239, 1328
Mr. Eliot 109, 853, 1148
Mr. Ely 499, 1011
Mr. English 78, 365, 498, 1:258, 1265
Mr. Etheridge 1117,
220, 279, 364, 515, 531, 1261, 1331
Fauisworth 231,
421, 453, 499, 579, 656, 674, 854,
856, 867, 1241, 1242, 1263,1265
rVnton 314, 711, 1157, 1239, 1281
Mr. l'Vrry 854, 857, 1236, 1258
Mr. Florence ...7,
22, 105, 106, 108, 109, 111), 121, 122,
2*1,282, 296,323,366, 378,389, 416,471!,
479, 49'J, 512,578,598, 600, 648,649,692,
917, 1258, 1259, 1261, 1263, 1265,1327
Mr. Foster 597
Mr. Fouke.,.109, 498, 513, 566, 917, 1237
Mr. Frank 857
Mr. French 751, 1327
Mr. Garnett   22,
122, 296, 411, 586, 606, 857,
1238, 1241, 1242, 1261,1264
Mr. Gartrell 7, 280, 365
Mr. Gilmer 282, 580
Mr. Uoorh 234,235,
628, 629, 632, 633, 631, 651, 1157, 1330
Mr. Graham 1263
Mr. Grow 60, 77, 108, 109, 193,
231,233,234,294, 303,317,323,365,438,
457, 458, 498, 499, 512, 53(1, 531,564,571,
572, 600, 606, 621, 649, 650, 836,837,855,
856,857,915,1232,1233,1234,1236,1237,
1239, 1240, 1260, 1261, 1262, 1263, 133!
Mr. Gurley 220,
416, 417, 418, 530, 1261, 1327
Mr. Hale   392, 626, 649, 1259
Mr. Hall 834
Mr. Hamilton 281, 680, 095
Mr. Hardeman 235,281,837 I
Mr. Harris, -of Mai ylaml 193.
222,389, 438,476, 499, 621,1238, !
1239, 1240,_ 1260, 1264, 1265 !
Mr. Harris, ofVir^inia 282.
8 122, 777, 798, 856, 'ISO, 1212. 1263 i
Mr. Haskin 193, 857, 916, 1157, 1212
Mr. Hatton   (08,
221,281, 803, 820, 857, 1264
Mr. Hawkins...7, 22,23, 36,37,59,69. 61
Mr. Hickman 333, 605, 1233, 1234,
1237,1238,1239,1240,1241,
1259, 1260, 1262, 1263,1261,
1265, 1284, 1285, 1327, 1331
Mr. Hill 109, 111, 220, 221,
222,235, 230,281, 296, 451, 454,458, 459
Mr.
Mr.
Union, remarks on various propositions relating
to tlie state of tlie, by—Continued.
Mr. Hindman 60, 63, 78, 107,
110, 220,222,235,280,281,297,364.411,
459,498,513,530,600,605,606,649,650,
691. 855, 856, 917, 940, 941, 942, 1233,
1234,1237, 1264, 1284,1327, 1328, 1330
Mr. Hoard., 236, 457, 579, 857
Mr. Holman 78,
220, 221, 231, 280, 296, 364, 365,
418, 477, 693, 815, 836, 873, 1076
Mr. Hooper 1327
Mr. Houston 7, 62, 64,
193, 221, 234, 235, 280,295, 296,297,317
Mr. Howard, of Ohio 629,
652, 654, 1242, 1260, 1261
Mr. Howard, of Michigan 232,
235, 295, 296,*297, 365, 378, 497,
499, 604, 605, 913, 917,1259,1285
Mr. Hughes 109, 110, 279,
280, 605, 698, 758, 855, 917, 1241, 1258
Mr Humphrey 691,762,777
Mr. Hutching 77, 441, 633,
762, 778, 820, 837, 838, 983, 1043, 1235
Mr. Jackson 60
Mr. Jenkins 110,
416, 417, 421, 438, 856, 1242, 1261
Mr. Jones 6, 7, 220, 221,
231, 295, 296, 316, 317, 323, 333,366, 434
Mr. Junkin 77,
578, 600, 622, 626, 801,802, 803
Mr. Kellogg, of Michigan   1157
Mr. Kellogg, of Illinois 690,
691, 820,959, 1225, 1235,1238,
1240, 1243, 1259, 1260, 1331
Mr. Kcnyon 815
Mr. Ivilgore 78,
108,231, 333, 578, 579, 589, 691, 858,
1233, 1235, 1259, 1263, 1264, 1283, 1284
Mr. Killinger 499,
600, 605, 695, 1186, 1259, 1326
Mr. Kunke] 6, 172, 220, 233, 281, 365, j
572 , 622 , 834 , 857 , 916, 1211, 1242, 1262
Mr. Lamar 22
Mr. Lamb inn 110
Mr. Latrabee 79
Mr. Leach, of Michigan    632,
633, 656, 871, 1242
Mr Loach, nf North Oaiolina 280,
281, 476, 599, 606,801, 1258, 1260, 1263
Mr. Leake 77, 110,
296, 303, 364, 151, 453, 564, 565,
566, 567, 568, 838, 856, 858,1328
Mr. Logan 199, 220, 281, 513,
632, 634, 656, 698, 758, 759, 837, 1242 j
Mr. Longnecker 281, 458
Mr. Loomis 280
Mr. Lovnjoy 106, 108,
109, 110, 222, 231, 233, 219, 280,281,
296, 333, 344, 362, 364, 265, 416, 438,
453, 456, 487, 458, 531, 597, 090, 854,
913, 915, 916, 917, 1234, 1235, 1236,
1237, 1241, 1243, 1260,1262, 1264, 1283,
1284, 1285, 1326, 1327, 1328, 1330, 1331
Mr. Mallory  78,
281, 572, 856, 917, 1258, 1260
Mr. Murston 836
Mr. Martin, of Virginia 110,
296, 367, 513, 535, 536, 853, 1258, 1260
Mi'. Maynard 6, 109, 219, 220, 231,
235,280,281,294,297,316, 364.366, 378,
418,421, 438,458,554,566, 571,572,585,
694,606, 618, 633, 656, 730, 778,856, 857,
940, 1231, 1259, 126U, 1261, 1262, 1328 j
Mr.McGlernand,6,36,38,78,193,220,279, j
294,296,367,392, 454, 459, 568, 605, 629,
656,690, 691, 729,730,854, 856, 857,91 1, '
916, 942, 1235, 1239, 1241, 1242, 1259, 1
1260, 1261, 1262, 1263, 1185, 1327, 1331 ■
Mr. MeKean 219, 280, 600, 629, 633,
650,752,854,1011,1233, 1239,1258,1328
Mr. jVlflveiity 159, 281,578, 1260
Mr. McKnight '. 279, 323
Mr. McPlicison 220, ;
531, 578, 777, 1242, 1259, 1284 1
Mr. Miles 7 I
Mr. Millson 7, 22, 23, 499, 564, 715,
1237, 1238, 1241, 1259, 1260, 1329, 1330 ]
Mr. Alilhvard  792 i
Mi. Montgomery 331
Mr. Moore, of Kentucky 03],
361, 366, 762, 917, 1242
Mr. Moore, of Alabama 7, 282, 296
Mr. Morrill 61, 62, 392, 458, 1005
Union, remarks on various propositions relating
to the state of the, by—Continued.
Mr. Morris, of Pennsylvania 77,
316, 317, 410, 656, 710, 815, 917, 1239
Mr. Morris, of Illinois 67,
19, 22, 45, 61, 64, 87, 107, 110, 111,
122, 222, 366, 421, 498, 600, 605, 1261
Mr. Morse 512
Mr. Nelson 535,
536, 554, 563, 564, 568, 1242
Mr. Niblack 78, 499, 677, 856
Mr. Nixon 108,281, 670, 773
Mr. Noell..61, 78, 110, 600, 710, 856,1328
Mr. Olm 1331
Mr. Otero 455, 515, 623, 761, 1327
Mr. Palmer 855, 857
Mr. Pendleton 438, 450
Mr. Perry 438, 550
Mr. Pettit 856, 867, 1040
Mr. Peyton 222,281, 633, 1264
Mr. Phelps 7,
282, 296, 317, 499, 511, 605, 855, 856,
857, 917, 1233, 1237, 1239, 1264, 1265
Mr. Porter 1040
Mr. Potter 1233, 1237, 1238
Mr. Pottle 568
Mr. Pryor 219,
220,222, 530, 586, 601, 836, 1328
Mr. Pugh 7, 220
Mf. Qjiailos 109. 110,
222,232,233,234,235,280,282,316,
458,479,554,599, 635,606,698, 856,
858, 1242, 1260, 1262, 1263, 1327
Mr. Reagan   279,
280," 296, 344, 374, 377, 389, 391, 392
Mr. Reynolds, Edwin R 1008
Mr. Reynolds, John H 645. 646
Mr. Rice 597, 1239
Mr. R.iges 598, 858
Mr. Ruffin 7, 23, 499, 856, 1076
Mr. Rust 280,
281,513,550,622,648.939,1234,1236,
1237, 1239, 1240, 1241, 1243, 1259
Mr. Scott 856, 1264
Mr. Sedgwick 795, 1258
Mr. Sherman 7,
61, 77. 106, 107, 108, 111, 193. 220, 221,
222.231,232,233,234,235,236, 294,362,
365,367.389.410,411.416, 435, 450, 451,
452,453, 454, 455, 456, 498,511.512,551,
565, 566,609,606, 618.674,730, 739,837,
857. 912, 917, 939, 1^33, 1235. 1236,
1259, 1262, 1264, 1265, 1283, 1284, 1286
Mr. Sickles 40, 77,
107,222,281, 316. 317,323,366,378.438,
453, 456,457, 499,512,600,696,626, 627,
628, 629,633, 634,654, 837, 838. 855,856,
857, 917, 1100, 1233, 1234, 1235, 1238,
1241, 1243, 1258, 1260, 1261, 1261, 1285
Mr. Simms  323,
365, 650, 836, 837, 1238, 1262. 1263
Mr. Singleton 6. 60, 108, 280
Mr. Smith, of Virginia...23, 59, 60, 61, 62,
77,107, 108,109, 110, 131, 295, 296, 1261
Mr. Small, of North Carolina 281,
802, 820, 1263, 1328
Mr. Somes 91:7
Mr. Spauldnig 221, 710, 792
Mr. Spinner 77, K18, 659, 751, 857
Mr. Stanton 6, 62, 64, 11)7, 110, 193,
220,221,222, 294,303,322,366, 367,393,
499,579,599, 605,606, 752,838, 839,856,
857, 1237, 1238, 1259, 1264, 1284, 1328
Mr, Stevens, of Pennsylvania 23,
219, 220, 221, 231, 235, 563, 604,
621, 622, 623, 959, 1329, 1330,
Mr. Stevenson 7^, 079,
281,366,452.453.454, 633, 634, 65 1330
Mr. Stewart, of Maryland 60, 64, 77
Mr. Stewart, of Pennsylvania 61,
696. 1011, 1033
Mr. Stokes 282, 695, 1242, 1261
Mr. Stout 220, 378, 499. 856^ 1100
Mr. Siratton 60, 231, 294, 670, 1237
Mr. Tappan 7, 511,
759, 761,917,1234,1235,1239,1243,1263
Mr. Taylor 378, 626, 751, 752
Mr. Thayer   76
Mr. Thcaker 222
Mr. Thomas 421,
435, 513, 572, 834, 917, 1261
Mr. Tompkins 939, 1263
Ml-. Traill 856, 1148
Mr. Underwood 23
