1 0691
2 1012
3 0750
5 1106
6 0894
7 0946
8 0834
9 0736
10 0927
11 0642
12 1077
13 1136
14 0946
15 0818
16 0997
17 1134
18 0966
19 0981
20 1026
21 1136
23 1557
24 0807
25 1168
26 1104
27 1108
28 0994
29 0997
30 0950
31 1152
32 0926
33 1163
34 0858
35 0986
36 0795
37 0795
38 1088
39 1142
40 0885
41 0932
42 0932
43 1062
44 1050
45 1120
46 0762
47 0762
48 1036
49 1062
50 1000
51 1000
52 1026
53 1026
54 0870
55 0966
56 0923
57 0714
58 0859
59 0907
60 1364
61 1070
62 1364
63 1123
64 0842
65 0654
66 0658
67 1121
68 1035
69 1035
70 0780
71 0914
72 0953
73 0953
74 1025
75 1025
76 1034
77 0917
78 0917
79 0934
80 0831
81 0831
82 0835
83 1018
84 1115
85 1103
86 1174
87 1040
88 1333
89 1401
90 1048
91 1048
92 1024
93 1279
94 1279
95 1348
96 1352
97 1414
98 1070
99 1472
100 1414
101 1481
102 1481
103 1080
104 1304
105 1175
106 1300
107 1307
108 1307
109 1307
110 0832
114 0936
115 1557
116 0900
117 0954
118 0970
119 1130
120 1304
121 1004
122 1195
123 0961
124 1202
125 1290
126 1049
127 1178
128 1078
129 1976
