THE CONGRESSIONAL GLOBE.
XXXI
Taxes: bill (II. R. No. 312) to provide internal
revenue to support the Government and pay
interest on the public debt—Continued.
remarks on the, by—
Mr. Anthony 2254, 2311, 2312,
2317, 2313. 2337, 2339, 2354,2372,2374,
2377, 2407, 2428,2448,2450,2464,2476,
2477, 2492, 2521, 2523, 2524, 2525,2526,
2548, 8559, 2560, 2577, 2579, 2598, 2605
Mr. Browning 2282,
2334,2428,2429,2448, 2459, 2460,
2462, 2464, 2485,2523,2524,2601
Mr. Garlitc 2407,
" 2408, 2517, 2524, 2525, 2546, 2576
Mr. Chandler, 2333,2335,2336,2337,2338,
2340, 2351, 2369, 2370, 237] ,2374,2375,
2400, 2447, 2450, 2456, 2487, 2464,2466,
2467, 2472, 2473, 2474,2486,2516,2520,
2521, 2523, 2525, 2542, 2543, 2551, 2556
Mr. Clark 2254, 2256, 2257,
2320, 2321, 2347, 237*, 2372,2375,2398,
2399, 2400, 2420, 2448,!*2456,2457,2458,
2461, 2462, 2485, 2524, 2525,2526,2541,
2544, 2545, 2546, 2549, 2575, 2576, 2603
Mr. Collamer 2254,
2256, 2257, 2258, 2260, 2261,2283,2351,
2353, 2354, 2402, 2403,2405,2421,2427,
2454, 2455, 2456, 2457, 2458, 2459,2465,
2466, 2468, 2541, 2551, 2552, 2553,2554,
2555, 2556, 2575, 2578, 2587, 2598, 2610
Mr. Cowan...2259, 2318, 2319, 2320, 2352,
2353, 2354, 2396, 2398, 2420, 2456,2457,
2461, 2464, 2465, 2469, 2470,2471,2472,
2473, 2475, 2476, 3477, 2479, 2480, 2482,
2521, 2526, 2544, 2546, 2602, 2603, 2605
Mr. Davis....2258, 2288, 2310, 2311, 2318,
2336, 2354, 2355, 2368,2369,2373,2375,
2376, 2421, 2445, 2468, 2474, 2475,2485,
2488, 2489, 2491, 2492, 2520,2521,2523,
2555, 2557, 255S, 2559, 2580, 2581, 2876
Mr. Dixon 2314, 2316, 2334,
2335, 2336, 2337, 2338,234C, 2347,2349,
2398, 2486, 2487, 2488, 2552, 2553, 2554
Mr. Doclutle, 2317,2354,2367,2400,2448,
2457, 2466, 2485, 2493, 2494,2510, 2524,
2526, 2540,2541, 2542,2549,2552, 2555,
2556, 256J, 2575, 2578, 2599, 2600, 2605
Mr. Fessenden 1906, 2254, 2255,
2256, 2257, 2258, 2259, 2260,2261,2262,
2278, 2279, 2280. 2281,2282,2283, 2284,
2285, 2286, 2287, 2288, 2308,2309, 2310,
2311, 2312, 2313,2214,2315; 2316, 2317.
2318, 2319, 2320,2321, 2330, 2331,2332,
2333, 2334. 2337,2338,2339,2340,2344,
2345, 2346, 2347, 2348, 2349, 2350, 2351,
2352, 2352, 2354. 2355,235C, 2367, 2368,
2374, 2375, 2376, 2377, 2378,2396, 2397,
2399, 2401, 2402, 2403, 2404, 2406,2407,
2408, 2419, 2420, 2421, 2422,2423, 2425,
2427, 2428, 2430, 2443, 2444, 2446, 2447,
2448, 2449, 2450, 2451, 2154, 2455, 2456,
2457, 2458, 2159, 2460, 2461, 2462, 2463,
2464, 2465, 2466, 2467, 2468,2470,2471,
2472, 2473, 2474, 2475, 247G, 2477, 2480,
2481, 2482, 2483,2484,2485,2486,2487,
2488, 2489, 2490,2491, 2492,2493,2494,
2508, 2509, 2510, 2511, 2512,2513,2514,
2515, 2516, 2517, 2518, 2519, 2520, 2521,
2522, 2524, 2525, 2526, 2540, 2541,2544,
2545, 2548, 2549, 2550,2551, 2552, 2553,
2554, 2555, 2556, 2557, 2558, 2559,2573,
2575, 2576, 2577, 2578, 2579, 2580, 2581,
2585, 2587, 2598, 2606, 2607, 2608, 2609,
2671, 2675, 2873, 2874, 2875, 2876, 2877
Mr. Foot 2287, 2468, 2490,
2492, 2519, 2520,' 2521, 2524, 2526, 2557
Mr. Foster 2254,
2308, 2377, 2397, 2398, 2400, 2445, 2455,
2456, 2470, 2521, 2556, 2558, 2607, 2610
Mr. Gt lines 2254,
2255, 2256, 2257, 225S, 2278, 2230,
2281, 2284, 2286. 2287, 2309, 2310,
2313, 2314, 231G, 2317, 2318, 2320, 2333,
2334, 2335, 233G, 2337, 2311,2345,2346,
2347, 2348, 2350, 2354, 2355, 2371, 2376,
2377 , 2398 , 2407 , 2426 , 2450, 2451. 24 64,
2466, 2467, 246*, 2474, 2475, 24*4, 2485,
2490, 2191, 2492, 2493. 2508,2510, 2515,
2521, 2522. 2523, 2524, 2525, 2541, 2545,
2546, 2547, 2550, 2551, 2553, 2555, 2556,
2558, 2560, 2576, 2578, 2587, 2599, 2375
Mr. rial" 2399, 2408,
2428, 2430, 2447,2485, 2511,2521,2522,
2543, 2557, 2558, 2559, 2576. 2GU0, 2875
Taxes: bill (H. R. No. 312) to provide internal
revenue to support the Government and pay
interest on the public debt—Continued.
remarks on the, by—
Mr. Harlan 2521, 2573, 2601
Mr. Harris 2255, 2256,
2309, 2347, 2349, 2350, 2352, 2376,
2399, 2400, 2446, 2447, 2455, 2459,
2464, 2465,2466,2467, 2468,2469, 2471,
2473, 2474, 2475,2480, 2483,2484, 2487,
2488, 2489,2490,2509,2513,2514,2515,
2517, 2519, 2520,2548, 2550, 2555, 2560,
2572, 2573, 2575, 2576, 2578, 2579,2959
Mr. Henderson 2258,
2316, 2355, 2356, 2368, 2378, 2407
Mr. Howard ,..2281,
2282, 2287, 2331, 2340, 2345, 2348,
2509,2510,2511,2512,2598,2875,2876
Mr. Howe 2255,
2256, 2258, 2259, 2278, 2279, 2280,
2281, 2285, 2286, 2288, 2308, 2309,
2310, 2314,2315,2316, 2317, 2318, 2320,
2321, 2330,2332, 2333, 2334, 2338, 2339,
2344, 2345,2347,2350, 2354, 2372, 2377,
2405, 2430, 2445, 2448, 2449, 2450, 2455,
2456, 2457, 2458, 2460, 2461, 2462, 2463,
2464, 2468,2474,2475,2482,2489, 2490,
2508, 2512,2513,2514,2515,2516,2517,
2518, 2519, 2520, 2521, 2522, 2523,2525,
2541, 2542,2545,2548, 2549, 2551,2559,
2573, 2574, 2575, 2603, 2605, 2875, 2876
Mr. King 2375, 2377, 2401, 2404,
2405, 2475, 2510, 2518, 2549, 2554, 2578
Mr. Lane, of Indiana 2526, 2547
Mr. Lane, of Kansas 2355, 2430, 2480
Mr. Latham 2255,2260,2316,
2351, 2468, 2552, 2587, 2598, 2605, 2610
Mr. McDougall 1966,
2284, 2285, 2353,2355, 2375,2376,2422,
2426, 2443, 2447,2448,2449, 2451,2459,
2460, 2462, 2467, 2468,2472,2473, 2475,
2476, 2477, 2480, 2490,2492,2493, 2516,
2517, 2519, 2520, 2521, 2522,2523, 2543,
2549, 2550, 2553, 2552, 2554, 2555, 2558,
2559, 2581, 2585. 2586, 2606, 2G08, 2509
Mr. Pomeroy 2330,2356,
2396, 2397, 2399, 2400, 2405, 2420, 2547
Mr. Powell 2316,
2317, 2337, 2338,2330, 2350, 2354,2367,
2368, 2378, 2379,2427, 2446,2457, 2462,
2492, 2521, 2525, 2546, 2547, 2557, 2558
Mr. Rice 2521,2522, 2605
Mr. Saulsbury   2399,
2405, 2408, 2426; 2428, 2483
Mr. Sherman 2254,
2255, 2256, 2258, 2261, 2278, 2283,
2284, 2285, 2309,2 310, 2313, 2316,
2318, 2319, 2330,2332,2333,2334,2335,
2337, 2338, 2345, 2351, 2352,2353,2354,
2355, 2356, 2371, 2400,2402, 2403, 2404,
2405, 2406, 2407,2420, 2424,2425,2426,
2443, 2444, 2445, 2446, 2447, 2448,2449,
2450, 2451, 2459,2460, 2462, 2465,2474,
2475, 2476, 2480, 2482,2483,2486,2487,
2488, 2491, 2492, 2519,2522,2524, 2525,
2526, 2540, 2541, 2542,2545, 2546,2549,
2552, 2553, 2556, 2557,2559,2560,2573,
2576, 2577, 2579, 2580, 2581, 8876, 2877
Mr. Simmons 1966,
2258, 2259, 2261, 2262,2284,2286,2288,
2330, 2332, 2336, 2337, 2338, 2350,2353,
2369, 2370, 2374, 2375, 2376, 2378, 2401,
2402, 2403, 2420, 2421, 2422, 2423, 2424,
2425, 2426, 2443, 2444, 2445, 2446,2449.
2450, 2463. 2472, 2473, 2474, 2475, 2480,
2483, 2484, 2485,2486,2487,2488,2439,
2490, 2491, 2492, 2493, 2517, 2519, 2524,
2525, 2540, 254], 2542, 2544, 2545, 2549,
2550, 2551, 2553,2554,2556, 2558,2559,
2560, 2575, 2576, 2577, 2578, 2600, 2606,
2607, 2608, 2609, 2610. 2874, 2876, 2877
Mr. Sumner..2254, 2255, 2257, 2279,2283,
2284, 2285, 2313, 2315,2316,2317,2330,
2331, 2332, 2333, 2334, 2335, 2336,2337,
2338, 2339, 2345, 2346, 2351, 2354,2367,
2368. 2369, 2370, 2371. 2373, 237 4,2375,
2376, 2378, 2379, 2400,2401, 2402,2403,
2405, 2406, 2419, 2420, 2421, 2422,2426,
2429, 2430, 244S. 2449. 2455, 2456,2465,
2468, 2472, 2475, 2477,2482, 2484,24S6,
2483, 2494. 2514. 2515, 2517, 2518,2519,
2520, 2521, 2523, 2525,2526. 2544,2548,
2549, 255',), 2551, 2552. 2553, 2556, 2579,
2580, 2587, 2598, 2599. 2600. 2601. 2605
Taxes: bill (H. R. No. 312) to provide internal
revenue to support the Government aiid pay
interest on the public debt—Continued.
remarks on the, by—
Mr. Ten Eyck 2258,^288,
2309,2347, 2348, 2378, 2429, 2515, 2549
Mr. Thomson    2457
Mr. Trumbull  2254,
2256, 2257, 2262,2280,2281,2283, 23H>,
2321, 2330, 2407,2426,2427,2447, 2448,
2450, 2475,2477,2484, 2485, 2492,2493,
2494,2510, 2511, 2512,2521, 2541,2549,
2557, 2578, 2599, 2874, 2875, 2876,2941
Mr. Wade 2283, 2288, 2356,
2406, 2426, 2450, 2451,2463,2475,2481,
2482, 2522, 2524, 2525, 2603, 2604, 2875
Mr. Wilkinson 2468, 2480
Mr. Willey 2351
Mr. Wilmot.,2320,2466, 2467,2472,2473,
2474, 2516, 2520, 2521, 2549, 2576,2600
Mr. Wilson, of Massachusetts 2309,
2318, 2370, 2376, 2377, 2378, 2398,
2399, 2428, 2448, 2476, 2482, 2526,
2541, 2542, 2543, 2559, 2581, 2877
Mr. Wilson, of Missouri, 2355, 2367, 2368
Mr. Wright 2339 , 2525, 2547
yeas and nays on the ."..2258, 2368,
2375, 2400, 2407, 2419, 2428, 2430, 2448,
2450, 2454, 2457, 2477, 2480, 2483, 2492,
2519, 2521, 2522, 2523, 2525, 2526, 2549,
2551, 2556, 2558, 2559, 2560, 2573, 2575,
2576, 2578, 2579, 2586, 2587, 2605, 2610
bill (S. No. 121) for the collection of, in insur-
rectionary districts 125, 1047, 1556 _/
bill (No. 292) for collection of direct, in insurrec-
tionary districts in United States, 1854,2017,
2039, 2041, 2057, 2419, 2478, 2506, 2538
Tariff: bill increasing temporarily the duties on
imports 3062,
3134, 3167, 3197, 3254, 3310, 3371
(See Revenue.)
Telegraph—see Railroad.
Telegraphic communication, bill (S. No. 205) to
authorize the survey of a route for, between
the city of San Francisco, in tht Stale of
California, and the Amoor iiver, in Eastern
Asia 841
Ten Broeclf, Andrew, bill for the relief of...2892,
3095, 3120
Ten Eyck, John' C., a Senator from New Jer-
sey .88, 124, 125, 876, 1010,1094, 1296,
1314, 1330, 1390, 1415, 1443, 1490, 1543,
1935, 1950, 2056, 2247, 2250, 2305, 2343,
2394, 2440, 2506, 2736, 2773, 2849, 2912,
2916, 2941, 2949, 2975, 2988, 3088, 3091,
3134, 3167, 3216, 3255, 3291, 3320, 3401
resolutions by 88, 1330,1490,1935, 2440
remarks on the expulsion of Waldo P. John-
son 70
remarks oil Kansas senatorial contest, 128,294
remarks on an armory at Rock Island, 186,893
remarks on expulsion of Trostcn Polk, 238,263
remarks on the bill relating to sutlers 272
remarks on the bill concerning criminal justice
in the District 319
remarks on completing the defenses of Wash-
ington  411
remarks on the bill relating to Congress...446,
447, 1095
remarks on the expulsion of Senator Bright,
473, 474, 654
remarks on the prohibition of the coolie trade,
555, 581
remarks on the pay of Army officers 821
remarks on the fortification bill ...748
remarks on organization of cavalry forces, 846
remarks on the case of Benjamin Stark... .866,
971,993
remarks on Missouri railroads resolution...924
remarks on the confiscation bill 945
remai Its on the legislative bill 1019,1020
remarks on bill to encourage enlistments, 1135
remarks on expulsion of Senator Powell, 1234
remarks on the naval appiopriation bill...1400,
1401,1402, 1421, 1422, 1427, 1428, 1429
remaiks on the bill for the appointment of light-
house inspectors 1446
remarks on the bill to abolish slavery in the
District of Columbia 1516, 1517, 1519
remarks on the bill for the preservation of the
water -works 1539, 1540
remarks on the hill for the relief of Francis Hiiit-
• man  
remaiks on the confiscation bill 1958,2250
