12
APPENDIX TO THE CONGRESSIONAL GLOBE.
[December 22,
Ho. of Reps.
Postal Telegraph—Mr. Washburn.
41st Cong....2d Sess.
Comparative statement showing the number of telegraphic messages transmitted in each year.
I860,.,
1851...
1852...
1803...
1854 ..
1855...
1856...
1857...
1858...
1859..
I860..
1861..
1862..
1863..
1801..
1865..
1866..
1867..
186S..
9,014
48,105
142,061
236,018
254,532
360,299
413,616
463,973
593,701
720,250
020,357
1.518,044
1,754,867
1,967,748
2,473,747
2,842,554
3,213,995
3,503,182
14,025
27,217
52,050
60,415
61,433
99,273
119,050
145,726
196,240
225,819
268,968
291,787
416,113
546,497
674,037
1,128,005
1,288,719
1,502,599
2,876
82,586
129,167
162,851
227,072
280,164
247,102
286,876
303,930
331,933
382,452
456,871
514,932
591,214
668,916
703,974
1,153,092
48,751
85,161
116,313
152,820
221,411
2-11,545
247,202
349,997
384,335
459,002
660,501
877,583
1,259,590
1 ,527,455
1,964,032
3,093,949
1
234
9,605
33,475
33,906
41,929
59,044
55,019
66,557
100,696
110,372
129,380
165,149
195,573
271,621
323,491
394,878
410,281
655
5,285
10,197
22,156
55,069
71,098
128,027
105,707
133,146
200.659
194,563
217,454
251,142
302.660
379,934
470,700
582,755
568,569
678,374
£
27,428
28.295
43,376
44,521
68,270
99,042
111,857
140,123
188,782
222,876
298,578
355,585
447,407
450,022
506,986
20,043
46,443
51,871
110,850
104,400
119,253
146,001
185,858
189,943
222,653
159,247
193,956
231,658
308,150
348,690
851
10,534
60,607
116,637
174,864
173,685
171,404
159,168
169,038
210,178
227,712
243,489
328.464
418,744
496,105
507,062
22,916
58.812
73,675
90,708
117,250
133,294
127,827
138,710
167,136
199,734
220,994
269,375
309,604
a
•£
11,945
32,500
42,000
51,500
62,000
71,000
77,000
89,500
110,000
122.000
134,454
2,085
4,346
26,772
113,171
210,426
230,108
236,089
282,098
433,110
613,265
767,909
666,462
533,376
s
Jzj
1,364
45,674
101,864
140,011
190,447
224,803
263,777
388,473
413,445
479,358
526,486
653,261
801,836
966,429
1,087,037
1,113,037
1,496,544
3
PS
133,556
156,794
242,749
401,479
559,029
647,242
737,853
838,653
948,189
1,285,123
2,491,834
1,507,168
1,748,364
1,760,889
1,804,246
2,320,271
*C
<1
44,941
62,716
109,347
190,522
204.221
251,948
381,720
419,449
692,379
700,795
846,953
946,675
1,130,625
1,610,663
1,786,955
2,507,472
a
•a
<$
1,017,529
1,122,722
1,247,013
1.321,086
1.629.730
1,863,839
2,123,589
2,676.352
3,186,724
3,924.855
4.662,687
5,961,810
FRANCE.
Number of stations,
lengths of lines, &c.
Number of messages.
*3 rn
+-> t>
5? S3
to. a
a &
o K
Mile*.
Miles.
1851 
1,3 25
-
1852....
I!,149
_
18-53 
4,440
.
ISoi 
5,745
_
1855 
6,540
_
1850 
7,000
.
1867 
7,100
_
1853  
8,098
_
1859  
10,000
_
1800 
13,620
-
18(51 
16,46S
_
1803 
17.113
_
ISM 
17.518
57,455
!8l>4 
18.222
60,458
18(?o . ...
19,763
03,591
m; 
21,624
70,351
]<S(>7 
23,090
70,330
vm 
24,934
77,451
>5
17
43
91
128
149
167
171
193
210
383
435
508
537
610
953
1,209
1,486
1,701
349,887
453,998
568.365
734,252
1,291,774
1,490,023
1,054,406
2,098,640
2,379,681
2.6S2.810
2,916,734
114,086
144,703
151.885
186,357
2-26,270
264,844
313,3-12
375,102
462,873
531,185
586,448
9,014
48,105
142,061
236,018
25-1,532
360.299
413,616
463,973
598.701
720,250
920,357
1,518,014
1,751,867
1,967,748
2,473,747
2,842,554
3,213,995
3,503,185
Produce of messages.
Francs.
1,794,918
2,072,314
2,353,525
2,810,445
2.981,490
3,305,993
3,565,933
4,159,443
4,513,095
4,960,618
Francs.
1,721,715
1,950,485
1,829,540
2,079,292
2,317,950
2,631,911
2,557,338
2,892,694
3,194.495
3,690,226
EH
Francs.
76,722
542,891
1,511,909
2,064,983
2,487,159
3,191,102
3.333,695
3,516,633
4,022,799
4.18S.065
4,919,737
5,302,440
5,937,904
6,123,272
7.052,139
7,707,530
8,659,845
9,383,052
Kevenue.
Francs.
99,582
565,751
1,617,166
1,284,274
2,860,919
3,494,719
3,690 939
3,902,07S
4,450,270
4,770,210
5,676,864
6,265,683
6,987,521
7,315,922
8,161,218
8,810,283
9,529,837
10,086,818
U >
> o
Francs.
1,541,320
1,800,631
1,507,495
1,366,308
Disbursements.
la m
Franca.
1,051,339
1,086,742
1,360.370
1,884,221
2,601,423
2,857,393
2.969,600
3,084,471
3,517,926
4,096.851
4,847,877
5,375,063
5,656,021
5,832,950
6.334,700
6,354,700
6,819/183
2 s
s a
Sg
^ A
Francs.
143,128
212,997
433,720
509.548
464,735
507,086
789,926
1,314,155
1,141,179
1,473.213
1,746.530
1,925,983
2,507,400
2,540,147
2,628.760
2,628,760
2,644,145
Francs.
1,194,467
1,299,739
1,794.030
2,393,769
3.066,149
3,364,479
3,759,526
4,398,627
4,659,108
5,570,064
6,594,407
7,301,046
8,163,423
8,373,098
8,983,460
8,983,460
9,463,733
u o
m
Francs.
1,094,884
733,988
176,923
109,495
205,229
68,587
496,549
208,835
799.824
917,542
1,035,363
! 1,175,900
-2
O c.
Francs.
130,239
4S7.144
978,389
1,334,318
1,432,472
It will be seen from this table that France, with an area of 211,000 square miles, has 70,830 miles of telegraph wire or more than two tbi^U
as many wires as the whole United States with 4,000,000 square miles of territory. P '
BELGIUM.
BELGIUM—- Continued.
Number of stations, lengths of
lines, See.
Years.
C< © C>
'lilcf?.
!57
420
1'files
62!
993
urn
1,559
1,596
1,676
1.8S5
2.077 •;
.402
2,569
2
3,002
i,899
I860 
2,517 !
Y ears.
Gross I Expendi-
receipts. | tore.
| Francs.
\ 309,116
102,917
i 170,730
J 139.795
101,500
202,599
283.371
293,891
875,343
403,500
403,261
515,800
653,780
670,421
948.516
1,214,508
1,14-1,905
1,291,925
Loss.
Francs.
220,442
Profit.
Francs.
185 1 J 88,074
185 2 ■ 165,973
185 3 1 265,536
1851  280.845
185 5  26), 959
185 6  359,579
185 7 | -107,011
18o8 - 413.926
185 9 ; 606,006
186 0 ; 527,713
186 1 1 588,532
J802 : 605,044
58^3  012,363
1864  789,399
 | 865,640
18bb I 902 213
186 7 ; 1,071,468
186 8 j 1,197,102
"Speaking of the loss indicated by this table, Mr.
feauer says: From our tabular statement relating
to profit and loss it migmt appear a3 if a loss had
been incurred; this it will be seen, on examination, is
only apparent, inasmuch as the synopsis of expendi-
41,417
82*876
252,295
'73,437
Francs.
63,026
B4.S00
141,030
104,439
156,980
123 840
120,035
130,603
121,243
180,271
89,244
118,975
BELG-IUM-^Conh'jiwerf.
Years.
Number of messages.
Inland.
185 1 
185 2 
185 3 
1851 
185 5 
185 6 
185 7 
185S 
185 9 
186 0 
1801 . .. .
1862 
1863 
1S64 
186 5  ...
186 6 
186 7 
186 8 
6,652
9,807
14,159
16,719
17,279
32,862
41,434
47,673
65,465
80,216
97,945
105,274
1S8.825
252,301
332,721
692,536
817,652
972,038
Inter-
national.
7,373
17.410
37,891
43,696
44,154
66.411
77,616
98.053
130,775
145,603
171,023
186,513
227,288
294.196
341,316
435.46,9
471.067
530,561
Total.
14,025
27,217
52,050
60,415
61.433
99,273
119,050
115,726
196.210
225.819
268,968
291,787
416,113
546,497 i
674,037
1,128,005
1,288,719
1,502,599
tiirc includes the outlay for the creation of increased
means of telegraphic facilities, which became neces-
>-ruy '^y reason ot the growth of the correspondence.
f;°i'7lttlstanc'1"«t'?einci'oased outlay the administra-
tion nas succeeded in making annually a clear profit,"
