THE CONGRESSIONAL GLOBE.
LXXI
Speaker, election of—Continued.
remarks on the, by—
Mr. Hickman 87, 88, 89,
90,91,115,119,120,136,137,163,191,
283, 284, 285, 286, 294, 295, 312, 317,
321, 349, 353, 354, 358, 370, 371, 372,
393, 433, 447, 488, 490, 491, 492, 493,
603, 604, 505, 606, C07, 621, 631, 653
Mr. Hill 51, 75, 76, 139, 206, 210, 212,
246,255,270,271,273,275,334,335,339,
340,361,366,372, 373,391, 393,399,432,
433, 434,435, 443,460,461, 462,463,464,
465,460,467,468, 469,512,587,604,617,
G18, G19,620, 621, 638, 639, 640, 641, 652
Mr. Hindman 97,158, 368,509,512,
513, 514,515,523,524,533,548,549,550,
551, 587,614, 616, 618, 624, 651,654,655
Mr. Hoard 321
Mr. Holman.,.183, 191, 271, 295,513, 614
Mr. Houston 2, 19, 25, 26,
48, 52, 65, 66, 82, 83, 84, 86, 87, 89, 90,
158,159,189,209,215,221,223,224,228,
254,255,267,263,286,291,321,322,327,
328,349,359,370,336,394,395,409,410,
411,427, 440,445,416, 456, 484, 485,486,
487,488,489,500, 501,502,523,535,543,
604,612, 618, 619, 621, 635, 642, 647, 649
Mr. Howard, of Ohio 15S,
513, 523, 541, 618
Mr. Hughes 255, 614
Mr. Hutchins 46, 77, 80, 209,
290,385,468, 470, 481,482, 483,501, 650
Mr. Jackson 469
Mr. Jenluns....607, 612,613, 621, 632, 654
Mr. Junkin 618
Mr. Keitt 3, 21,
' 23, 24, 25, 50, 51, 87, 93, 119, 160, 165,
170,219,225,227, 234,235,246,255,276,
321,337,338,347,351,368,389,390, 432,
461,492,528,534,539,567,580,581, 618,
619, G20, 621,630, 631, 627, 646, 647, 651
Mr. Kellogg, of Michigan 370
Mr. Kellogg, of Illinois 4,
40, 41, 42, 45, 46, 81, 82, 83, 97,
165, 226, 237, 501, 587, 647, 749
Mr. Kiigore 3,
4, 21, 44, 65, 69, 85, 95,
97, 107,110, 111, 153,159,164,165, 189,
197,222,235,245, 24G, 247,248,252,255,
263,275, 282,321,334,339, 610, 619, 629
Mr. Killingcr 165,
234, 288, 289, 629, 630, 631
Mr. Kunkel 246, 395, 607, 615
Mr. Lamar 23,
44, 45, 46, 51, 52, 72, 118, 227, 228,
277,365, 368,434,507,513,533,534, 611
Mr. Landruin 614, 642
Mr. Larrabce 171,
174, 333, 466, 492, 616, 634
Mr. Leach, of North Carolina 373,
336, 642, 652
Mj\ Leake 20, 21,
22,23,46,87,120,158,230,270,370,393,
391,399, 443,444, 445,446,447,456,491,
500,526, 527, 528,546,549,551,617, 652
Mr. Logan 40, 81,
82, 83,84,85, 86, 97, 229, 232, 237, 238,
239,240,275, 278,366,3G9, 440, 532, 540
Mr. Lovejoy 3, 4,160, 161
Mr. Mallory  21(5,336,
355,610, 611, 612. 632, 633, 642, 645, 553
Mr. Martin, of Ohio 618
Ml'. Ivlaitm, of Virginia. 255,
273, 275, 321, 330, 433, 546, 621, 649
Mr. Maynard 19,
52,66,84, 88,107,137, 247.353, 278,
286, 350, 352, 427, 607, 609, 642
Mr. McClermind 2, 41, 42, 66,
84,159,209. 223, 229, 232, 247, 253, 278,
286,28-1, 321,318,432,491, 492,513, 540,
542,543, 559,564, 566, 585, 612, 614, 616
Mr. McKean 228, 360, 550
Mi'. McKniglit 119,121,
222, 238, 254, 255. 215. 278, 284, 285.
205, 321, 372, 437, 609, 618, 620, 630
Mr. McPhe.son 86,
255, 320,321.337.385,433. 543, 604, 620
Mr. Mc.au,  3, 24,
25, 87, 159, 160, 336, 361, 533, 604, 611
Mr. MeRae 136,
137, 138, 139, 140. 141, 152, 153, 154,
226,227, 274,275,276,277,278,351,370,
385,431, 432, 436.444,481,493,499,500,
507,508,509, 510,511,512,602, 614, 617
Speaker, election of—Continued.
remarks on the, by—
Mr. Miles 80,
92, 117, 118, 158, 159, 225, 226, 227,
228,231,234,247,348,349,350,351,352,
353,354,365, 444,445,446,483, 610, 618
Mr. Millson 21,23, G6, 160,167,219,
3G8,410,483,491,492,535,540, 541, 640
Mr. Mill ward 218, 339, 372
Mr. Montgomery 287, 289,
290, 291, 392,953, 295, 319, 240,
341, 342, 514, 515, 516, 617, 629
Mr. Moore, of Kentucky 135,
139, 209, 218, 235, 247, 254, 287, 321,
322, 354, 355, 408, 507, 516, 587, 643
Mr. Moore, of Alabama 51, 71, 72,
92,119, 160.188,234,254, 277, 278,295,
358,413, 441,442,501,631,632,633, C53
Mr. Morehend 162,
235, 358, 500, 501, 514, 515, 516, 641
Mr. Morrill 160
Mr. Morns, of Pennsylvania 25, 69,
70, 83, 175, 218, 219, 222, 242, 254, 274,
321,340,342,348,452,369,394,410,433;
486, 585,618,635,636, 641,646,651, 654
Mr. Morris, of Illinois...25, 42, 76, 80, 81,
■ 16G,191,209,221,224,240,245,246,254,
255,268,269,271,273,275,278,287,340,
409,410,413,433,468, 469,509,541,542,
567,607,613,614.616,617,618,649, 650
Mr. Morse 165,171, 235,247
Mr. Nelson, 46,47, 48, 50, 51, 52, 233, 241
Mr. Niblack 160,
165, 282, 332, 588, 618, 629,,639
Mr. Nixon 218, 321, 347,372, 610, 619
Mr. Noeli 47,115,
117, 118, 209, 223, 224, 247, 268, 271,
276, 332, S49, 429, 433, 436, 467, 469,
526, 531, 534, 535, 607, 610, 639, 643
Mr 01 in 246,
267, 285. 567, 587, 610, 629, 631, 634
Mr. P-.hnu- 22, 42. 77, 88
Mr. Pendleton 533,617, 618
Mr. Pennington 19,48, 162,
234,247, 444. 445, 446, 447, 456, 481, 655
Mr. Perry 237, 358
Mr. Pcttit 169, 567, 651
Mr. Peyton 162,
274, 295, 290, 433, 602, 610
Mr. Phelps 2,
3 , 28, 48, 82, 89, 174, 235 , 255, 2G8,
337, 35*. 380. 371,394, 501, 603, 601, 606
Mr. Porter 349, 350, 351
Mr. Potter, 160,25S, 295. 333,348,629.634
Mr. Pottle 527, 528
Mr. Pryor 48,
50, 5i, 52, 224, 228, 246, 281, 282, 283
284, 285, 295, 484, 492, 493, 540, 541
Mr. Pugli 373, 406, 611
Mr. Q.uailes 217, 507, 535
Mr. Reagan 88,
90, 221, 222, 225, 226, 227, 229, 214,
327,328,329,330,331, 332,333,334,335,
336,337, 340,342,343,346,347, 408,442,
445, 484, 485,487,489, 490,523,526,565,
587, 605,610,611, 621, 629, 630, 638, 640
Mr. iliggs 609, 536
Mr. Kobiuson, of Illinois 162,
209, 435, 613
Mr. Riiffin 52,
87, 215, 221, 223, 213, 350, 351,392, 615
Mr. Rust 22,
84, 219, 220, 226. 269, 270. 211, 272,
213.274,218.321.348,366.367,368,385,
398,413,JUS, 447. 500, 549. 618, 620, 635
Mr. Scott..". 216, 338, 385, 613
Mr. Scrant(>n...203, 218, 399, 403, 404, 618
Air. Seugw.ck 489
Mr. Sherman 21,
78, 240, 427. 547. 548, 54!), 550. 560, 581, i
618,121, 634, 631, 641, 646. 649. 650, 653 i
Mr. Sickles 120,121, 129,
216. 488, 487, 488. 489,605,603,fill, 621 !
Mr. Snnms   —167, 168, 222, 278, 645 i
Mr. Singleton    70, >
114, 188, 216, 365, 366, 611, 6)4, 643 J
Mr. Smith, of Virgin,a 42, 91, 92, '
93, 135, 165, 111, 189,108,212, 221, 222, i
226,231,232,233,234.235,238,239,240, |
241,242, 243.244,245,246,247,248,249, |
250,251,252.253,254,255,257,258,259, J
261,26a, 216,348,351,359,366,385,386,
433,436, 431, 440,442,513,526,534,543, !
566,610, 629,636, 643, 649, 650, 651, 652 i
Speaker, election of—Continued.
remarks on the, by—
Mr. Smith, of North Carolina 638, 643
Mr. Somes 389
Mr. Spaulding 235
Mr. Spinner 189, 373,
337,338,385,490,516,646,647,649,652
Mr. Stanton 3, 20, 24, 25,74,
80, 82, 83,86,87,88,89, 90, 94, 97, 111,
121,158,159,189,193,225,240,268,286,
287,288,291,293,294,309,310,212,319,
320,321,333,340,360,370,371,389,390,
391,395,410,445,485,621,629, 630,633,
634,635, 636, 637, 646, 647, 649, 652,654
Mr. Stevens, of Pennsylvania 2, 3,
18, 19, 24,25,26,158,317,318, 328,341,
342,343,349,368,371,399,400,408,413,
433,439,580,584,585,586, 621, 635,636
Mr. Stevenson 534, 611
Mr. Stewart, of Maryland 3,
88, 108, 109, 110,111,170,247,248,273,
274,276, 321,408,427, 481, 611, 630, 643
M r. Stewart, of Pennsylvania 20,
46, 388, 427, 481, 587
Mr. Stokes,337,364,365,366,367,368,369,
370,396, 397, 398, 399,465,467, 468,512
Mr. Stout 276, 512, 614
Mr. Stratton  a...,321
Mr. Tappan 162, 218, 219, 221
Mr. Taylor 52,
83, 86, 88, 170, 188, 190, 197, 215,
235,247, 321,337, 338, 432,439,605,610
Mr. Thoaker...508, 550, 618, 620, 629, 645
Mr. Thomas 613
Mr. Tompkins 161,
277, 278, 321, 339, 489, 653
Mr. Traill  370
Mr. Trimble 391
Mr. Underwood 135, 174, 208,
223,339,354,355,356,366,395,439,456,
460,461, 462,463,464,465, 466,467,468,
469,611, 630,635,643, 645, 650, 651, 654
Mr. Vallandigham 4,
16, 20, 73, 79, 115, 158, 159, 160,
161,162,167,168, 171,216,243,255,278,
281,292,348, 368, 370,436, 439,515,533,
551,583, 5S5, 616, 619, 621, 629, 640, 646
Mr.'Vance 286, 644
Mr. Yandever 358, 364, 445, 446
Mr. Van Wyck 631, 632
Mr. Washburn, of Maine 3,''65, 90,
220, 254, 255, 268, 295, 319, 338, 342,
343, 371, 372, 444, 445, 446, 482, 483,
484, 485, 486, 487, 488, 489, 499, 500,
501, 502, 503, 526, 528, 529, 543, 635
Mr. "Washburn, of Wisconsin 347
Mr. Washburne, of Illinois 2,
18, 52, 80 , 222, 274, 295, 327, 328, 647
Mr. Webster 255
Mr. Wells 41, 42, 229, 346
Mr. Whitcley 160,
198, 221, 222, 246, 511, 611, 614, 644
Mr. Wilson 255,
268, 295, 321, 331, 332, 340, 341
Mr. Winslov, 4,2] ,25.48,52.86,87,88,157,
158, 182,165,170,111,175,188,389,191,
198,209, '010,215,220, 221.255,269,274,
280,287,29-1,295,319,320,321,337,338,
340, 346, 317,348,355,358. 359,361,369,
370,371, 372,373,385,386, 387,395,408,
409, 413, 429, 430, 433,444, 4-15, 481,484,
485, 487, 488, 489, 490,491, 499, 500,523,
532,533,587 , 603,604,605 , 606,601,611,
618, 621. 633, 635, 637,645, 646, 649, 65 
Mr. Wood 158
Mr. Woodruff 215, 255
Mr. Woodson 276, 519
Mr. Wng!,t...3G8, 369, 395, S96. 397, 398,
399, 440, 441, 442, 443,482. 508,614, 646
yeas and nays on t lie, 2,52,87,158,165,170,175,
183.189.197,198.209,219,220,235,247,
269,274.2a6,338.348,358,360,373,386,
408, 409,587,003, 607,911, 634, 635, 650
address of the, on taking the chair 655
Spear, Elizabeth, bill for relief of, 1,691,1089,2187
Spencer, A. T., and Gordon S. Hubbard, bill for
the relief of 1453,
1492, 1574, 1736, 2360, 3167, 3178, 3219
Spink, Cyrils, a Representative elect from Ohio,
death of, announced 899
remarks on the, by—
Mr. Blake 899
Mr. Curtis   900
Mr. Sherman  900
