THE CONGRESSIONAL GLOBE.
LVII
Speaker—Continued.
remarks on questions, motions, and resolutions
pertaining to the election of, by—
Mr. Allen 178, 194, 304,328
Mr. Allison 14, 36, 46, 80, 196, 311
Mr. Ball 102, 122, 251, 301
Mr. Barclay 70, 76, 159, 169, 260,
302, 329, 331, 332, 333, 336, 337, 338
Mr. Barksdale, 78,79,88,91,104,118,123,
149, 173, 195, 196, 221, 224, 225, 226,
227,231,270,280, 295,330,331,341,342
Mr. Bennett, of Mississippi 3,
69, 168, 309, 320
Mr. Bennett, of New York 320
Mr. Benson 72, 339
Mr. Billinghurst 72, 91, 124
Mr. Bingham 191, 222, 226
Mr. Bocock 4,
14,27, 35, 59, 66, 70, 71, 77, 79, 80, 81,
82,98,141,142,143, 186, 229, 234, 259,
295,304,310,318,321,.326,327,328,335
Mr. Bowie....185,186,189,191,194,262
Mr. Boyce ...75,77,90,96,104,111, 116,
139,165,168,192,211,222,224,246,270,
279, 294,298,316,320,335,336,338,341
Mr. Brenton 69, 91, 159, 229, 244
Mr. Brooks 158, 331
Mr. Burnett 332,342
Mr. Cadwalader 54, 99, 140, 153,
196, 235, 264, 296, 298, 310, 330, 331
Mr. Campbell, of Pennsylvania 26,
37, 40, 41, 42, 46, 51,52, 76, 90, 91,
94, 124, 144, 176, 216, 249, 259, 319
Mr. Campbell, of Kentucky 91,
178, 182, 185, 253,258, 261, 338, 339
Mr. Campbell, of Ohio   .3,11,
28, 29, 45, 49, 51, 52, 57, 62, 70,81, 83,
84, 85, 86, 89, 93, 94,113,115,118,119,
120,121,122,123,126,127,130,144,152,
221,222,226,228,229,234,247,248,249,
258,259,261,298,302,321,332,341,343
Mr. Carlile 72, 80, 81,114,115,116,
119, 122, 123, 175, 176, 188, 192, 194,
195, 198, 248, 249, 250, 281, 310, 341
Mr. Caruthers 180,181, 196, 213, 270
Mr. Caskie   333
Mr. Chaffee 91, 159
Mr. Clingman 72,75,85,87,94,
95, 96, 97, 159, 213, 214, 221, 223, 233,
234 , 235, 243, 248, 249, 259,260,261,
269, 270, 293, 314, 318, 319, 320, 321,
324, 325, 326, 328, 329, 332, 336, 340
Mr. Cobb, of Georgia 77, 80,
81, 85, 88, 125, 126, 155, 173, 197, 227,
235, 248, 253, 259, 260, 283, 293, 298,
301, 310, 311, 326, 329, 330, 332, 343
Mr. Cobb, of Alabama... .27,39, 40,125,
143, 148, 193, 223, 234, 211, 334, 342
' Mr. Colfax 85,86,92,
103, 121, 124, 186, 187, 195, 269, 279
Mr. Comma 11, 12, 17G, 215, 246
Mr. Covode 143,155,159,282
Mr. Cox 16, 62, 64, 65, 67,
91, 98, 156, 181, 182, 324, 326, 327, 339
Mr. Craige 72,120,223,246, 279,231
Mr. Crawford 118, 126, 143, 317
Mr. Cullen 5, 187, 188, 189,
190, 192,193, 194, 196, 199, 312, 338
Mr. Cumback 26, 53, 87, 88, 94,
155, 157, 192, 194, 198, 242, 245, 246
Mr. Davidson, 137,157,167,180,181,185,
186,187,190,216,246,255,316,328,332
Mr. Davis, of Maryland 72,
216, 217, 218, 219
Mr. Dean 126, 149
Mr. Dowdell 191,
250, 317, 320, 328, 329, 331, 333, 334
Mr. Dunn. .26,27,28,32,33,83,140,141,
147, 179, 237, 238, 242, 243, 214, 245,
246, 2S1, 294, 300, 301, 310, 334, 341
Mr. Edie 39, 40, 90,
154, 155, 179, 228, 268, 270, 283, 300
Mr. Edmundson./ 125,
250, 252, 253, 258, 259, 330, 339
Mr. Elliott 78, 91, 116, 282
Mr. English 28,
72, 73, 89, 91, 124, 172, 179, 184, 192
Mr. Etheridge 13,
21, 26,34,79,101,131,151,179,184,
185, 186,187, 188, 213, 232, 294, 302
Mr. Eustis 104, 152,
176,191,192,198,255,257,258,270,280
Mr. Faulkner 139,
141, 341, 251, 270, 280, 281
Speaker—Continued.
remarks on questions, motions, and resolutions
pertaining to the election of, by—
Mr. Flagler 29, 120
Mr. Florence 6,
14, 21, 26, 27, 39, 41, 42, 58, 77, 78, 79,
81, 85, 90, 92, 95, 121, 123. 127, 140,
159,168,169,170,178,195,197,211,214,
228,229,247,279,280,281,282,294,299,
300,304,312,323,328,329,331,335,336
Mr. Foster 67,124
Mr. Fuller, of Pennsylvania 92,
280, 293, 301, 310, 337
Mr. Fuller, of Maine 252, 302
Mr. Galloway 17, 90,
102, 103, 124, 157,179, 214, 228, 236
Mr. Giddings, 14,27,39,42,43,61, 63,65,
78, 87, 90, 111, 125, 126. 144, 199, 215,
218,219,234,242,243,264,295,301,342
Mr. Goode 33, 189, 335, 336
Mr. Greenwood 70,83, 87, 123,
128, 141, 185, 301, 193, 194, 211, 215,
216, 223, 250, 302, 320, 327, 328, 329
Mr. Grow 33, 40, 41,
59, 76, 79, 82, 85, 92, 93, 94, 103, 114,
115, 121, 122, 123, 126, 170, 175, 176,
214, 215, 226, 227, 251, 258, 264, 266
Mr. Harris, of Illinois 72,
143, 193, 194, 252, 262, 330, 331
Mr. Harrison 179
Mr. Herbert. .318, 319, 331, 333, 338, 341
Mr. Hickman 27, 328, 329
Mr. Hoffman 194, 339
Mr. Holloway 214
Mr. Houston 6, 51, 54,70, 71,73,
76, 77, 81, 85, 94, 114, 120, 321, 122,
128, 130, 153, 171, 174, 213, 214, 227,
238 , 251, 256, 257 , 259 , 260 , 261,293,
295, 304, 307, 310, 316, 320, 331, 333
Mr. Howard.. .57, 147, 148, 151, 198,269
Mr. Hughston. .56, 94, 126, 172, 199, 299
Mr. Jewett 328, 331, 332
Mr. Jones, of Tennessee 3,
4, 10, 11, 14 , 26, 27, 34, 35, 53, 57, 58,
59, 65, 72, 78, 79, 80, 81, 83, 85 , 86, 87,
97, 98, 102,103, 104, 123,124, 127, 146,
148, 169, 179, 180, 192, 193, 194, 195,
196, 214, 215, 216, 221, 224r233, 235,
250, 251, 252, 255, 258, 259, 269, 280,
281,282, 295, 298, 299 , 310, 319, 329,
330, 331, 333, 334, 336, 338, 341, 342
Mr. Jones, of Pennsylvania 33,
36, 37, 38, 42, 46, 49, 55,56, 63, 93, 113
Mr. Keitt 4,
27, 33, 40, 44, 71, 72, 75, 79, 143, 170,
172, 179, 180, 197, 214, 219, 224, 336
Mr. Kelly   72,
87, 124, 168, 172, 301, 317, 334
Mr. Kelsey 159, 218, 326, 332
Mr. Kennett 122,
182, 189, 212, 226,227, 231, 232, 337
Mr. Knight 79,
97, 98, 125, 126, 144, 173, 281, 300
Mr. Knowlton 87, 141, 256
Mr. Lake 331,334
Mr. Leiter 10, 80, 100,
192, 196, 235, 238, 259, 261, 298, 307
Mr. Letcher 10, 26,
27, 35, 40, 44, 45, 46, 47, 54, 69, 72, 77,
80, 81, 87,94,98,100,114,118,153,159,
165, 167, 170, 193, 194, 195, 196, 198,
218, 219, 224, 227, 232, 248, 249, 252,
253,269, 300, 301, 304, 313, 315, 316,
319, 320, 321, 328, 330, 331, 333, 342
Mr. Lindley 194,
198, 211, 229, 327, 338, 339, 342
Mr. Mace 53,79,94,
99, 124, 130, 139, 146, 176,
234, 235, 237, 246, 251, 281
Mr. A. K. Marshall 26,
27, 55, 56, 70, 78, 87, 90, 92, 93,
124, 127, 140, 149,152, 174, 235, 246,
294, 296, 298, 307, 310, 311, 313,314,
324, 328, 332, 335, 337, 338, 339, 340
Mr. H. Marshall 28, 34, 43, 46, 58,
68, 71, 73, 80, 81, 86, 87, 90, 95, 97, 98,
99, 104,117,118,119,123,149, lo9,169,
178, 180, 186, 188, 189, 215, 216, 222,
223, 225, 227, 259,262, 267, 219, 295,
314, 315, 316, 320, 325, 326, 327^ 338
Mr. Matteson li, 25,
27, 28, 29, 36, 75, 85, 104,
131,321,325, 331,333,342
Speaker—Continued.
remarks on questions, motions, and resolutions
pertaining to the election of, by—
Mr. McMullin 27, 28, 32, 33, 42,
49, 51, 63, 69, 70, 71, 72, 75,- 80, 82,84,
89,94,103, 104,122,123, 141,146,159,
169, 179, 184, 185, 188, 189, 190, 191,
223, 224,' 236, 248, 249, 281, 299, 300,
304, 312, 318, 328, 329, 330, 331, 339
Mr. McQ,ueen 120,142, 246,296, 332.
Mr. Meacham   103,
186, 213, 214, 243, 244, 245, 334, 336
Mr. Miller, of Indiana.. 173,195, 235, 281
Mr. Millson 51,79, 82, 114, 130, 151,
221, 224, 234, 252, 310, 311, 313 , 317
Mr. Mill ward 91,
92, 93,143, 179,189,196, 300,342
Mr. Morgan..    4,
10, 16, 26, 33, 77, 95, 111, 120, 125,
127, 155, 169, 185, 188, 194, 195, 235,
259, 279, 280, 281, 296, 300, 333, 335
Mr. Nichols 57,
58, 79, 85, 131, 143,171, 228, 302
Mr. Norton 14, 185,189, 279, 280
Mr. Orr 26, 34, 38, 42, 71, 72,
73,76, 78,79, 82, 83, 102, 104, 111, 118,
123, 127, 143, 144, 147, 148, 159, 170,
1-92, 199, 211, 214, 217, 219, 221,223,
225, 234, 235, 243, 247, 248, 249, 250,
252, 254, 255, 257 , 258, 259, 260, 261,
269, 270, 294, 295, 300, 333, 334, 336
Mr. Paine 33, 83, 90, 180,186, 189,
191, 192, 193, 194, 195, 196, 216, 294,
302, 316, 328, 334, 336, 338, 339 , 341
Mr. Peck 65, 70, 80, 83, 186, 247
Mr. Pennington 191,
231, 232, 235,244, 246, 280, 334 ✓
Mr. Phelps 8,
70, 77, 78, 126, 170, 211, 251, 279
Mr. Puryear 153, 170, 299, 338
Mr. Clmtman... .69,81, 89,141, 142, 172,
173, 178, 186, 213, 236, 250, 294, 295
Mr. Reade... .29, 33, 47, 66, 95, 152,155
Mr, Ready 55, 104, 127,
143, 188, 237, 241, 260, 261, 279, 338
Mr. Richardson 27, 45, 95, 118, 213, *
216, 217, 218, 221, 223, 226,228, 240,
310, 313, 31.4, 320, 327, 333, 335, 343
Mr. Ritchie 159, 317
Mr. Ruffin 118, 126,180, 197, 299
Mr. Rust ,73, 75, 76, 64, 122, 124,
223, 280, 295, 300, 337, 338, 339, 341 ,
Mr. Sage 5,21, 27, 54, 69, 80, 82,
83, 84, 85, 87, 88, 95, 102, 122, 141,
151, 152, 153, 188, 192, 195, 196, 197,
219, 228, 232, 237, 243, 244, 250, 333
Mr. Sandidge.    141, 191,281
Mr. Savage 220, 317, 324, 342
Mr. Seward,14,63,70,71,72,83,87,95, 96,
97, 98, 104, 114, 115, 124,127, 130, 139
Mr. Sherman   54, 71,
72, 73, 76, 98, 216, 243, 244, 332, 339
Mr. Shorter   77, 78, 88
Mr. Simmons 116,
128, 129, 141, 143,216, 238, 245, 282
Mr. Smith, of Tennessee 25, 34, 38,
53, 130, 169, 250, 281, 283,
298, 299, 300, 328, 330, 336
Mr. Smith, of Virginia, 35, 42, 45, 65, 70,
75, 7G, 78, 93, 94, 98, 99, 101, 103,
147, 215, 301, 329, 331, 332, 336, 340
Mr. Smith, of Alabama, 65,192, 339, 341
Mr. Sneed 59, 84, 85, 88,123, 159,170,
176, 179, 185, 186, 187, 189, 192,195,
•215, 235, 261, 269, 270, 298, 299, 331
Mr. Stanton   .10, 14, 17, 55, 56,
57, 63,69. 70, 80,84, 85, 89,91,121,125,
126,127,128,149,166,169,170,199, 216,
227,238,244, 256,281, 316, 335,338,339
Mr. Stephens,78,81,82,83,87,88,102,103,
104, 112, 113, 119, 120, 124, 125, 127,
128, 148, 151, 152, 153, 155, 213, 214,
223, 235, 238, 240, 241, 249, 279, 280,
281, 282, 299, 301, 302, 331, 332, 341
Mr. Stewart, 220, 308, 309, 314, 335, 342
Mr. Tappan 243, 254, 255, 339, 342
Mr. Taylor   79, 116,
117, 168,214,220,228,321, 326,327,337
Mr. Thoritigton 14, 35 , 36, 38, 49,
51, 188, 212, 213, 235, 239, 242,280,300
Mr. Todd 54, 70, 71, 86,
89, 90, 185, 300, 315, 316, 317, 321, 331
Mr. Trafton   52,
53, 54, 84,171, 173, 193, 228, 229
